"Id","pB1","pB2","pB3","pB4","pB5","predicted.bucket"
1,4.89939927340634e-23,4.84438779474656e-13,0.000551126596787318,0.999195893461516,0.000252979941212271,4
2,1.48794319504945e-10,0.000217987233957671,0.999766522900917,1.54897110093789e-05,5.32159509045036e-12,3
3,3.71434292276418e-27,1.44989096047021e-16,7.20755836707109e-05,0.999541478861568,0.000386445554761154,4
4,2.99187427305176e-05,0.983437991490499,0.0165320369108561,5.28558188164942e-08,9.51429629520435e-14,2
5,6.5032619179883e-28,2.75349819119149e-18,9.06443225209206e-06,0.997585615551306,0.00240532001644224,4
6,3.22207196882722e-07,0.123595496670409,0.875912296557029,0.000491884548458008,1.69073247128398e-11,3
7,3.32909402961754e-27,1.08653807683993e-15,1.18521951373151e-05,0.54229029511523,0.457697852689631,4
8,1.40215407371086e-18,2.35444942614892e-08,0.999591038833233,0.000408937621761633,5.11404953075181e-13,3
9,0.997129793683011,0.00287020631636315,6.25741402289611e-13,1.20438618785789e-24,1.24667853621496e-33,1
10,0.0146187448077305,0.985367323329067,1.39318631668352e-05,3.5355041362722e-14,2.95282112032879e-18,2
11,1.39423948845913e-05,0.999979948204542,6.10940056979548e-06,3.43579915145153e-15,1.6739034900118e-19,2
12,5.55639463571444e-37,1.50152444976225e-27,7.09067871117021e-15,3.19758584723613e-11,0.999999999968017,5
13,6.73228455339416e-06,0.999948309865137,4.4957850256442e-05,5.27258715004921e-14,3.21668798053379e-20,2
14,3.75214925958573e-30,3.33926347066288e-17,4.52096778449928e-06,0.9879591165382,0.0120363624940158,4
15,1.13980959304333e-09,0.972874400394715,0.0271255960241636,2.44130975655727e-09,1.93695417369423e-15,2
16,0.194496904398797,0.805503093466924,2.13427832191454e-09,2.19225781405835e-17,2.95870664005739e-27,2
17,4.85495908207417e-09,0.105304057460857,0.894695337659858,6.0002410106699e-07,2.25255138095278e-13,3
18,0.0557746184741821,0.944224999535678,3.81990139432484e-07,6.53005872266976e-18,8.04153490406358e-26,2
19,2.15160207447265e-06,0.904398096641912,0.0955506618851866,4.90808412470244e-05,9.02957995841156e-09,2
20,0.000399927687541276,0.999594276634682,5.79567776888566e-06,7.60440426526672e-15,4.3001637661025e-22,2
21,6.61510469099905e-33,4.57006254971133e-23,3.87363640942551e-08,0.00242578833729005,0.997574172926346,5
22,0.157751620693369,0.842248346997061,3.23095585928581e-08,1.14928802228702e-14,1.17729238930107e-25,2
23,1.99540941280673e-22,4.60310325975024e-12,0.000558833244125576,0.999433948326706,7.21842456564579e-06,4
24,0.155323515952715,0.736738849534607,0.107911190984749,2.64402940804869e-05,3.23384786620323e-09,2
25,1.64579578386602e-08,0.914137007774253,0.0858627613404733,2.14427251441842e-07,6.42928410147617e-14,2
26,1.86912819819434e-23,3.39295470801976e-14,9.2726431769143e-05,0.99896264317514,0.000944630393057108,4
27,0.000488354981945015,0.999496955398262,1.46896197155354e-05,7.72629392085207e-14,2.14628402553765e-20,2
28,1.11619814337214e-25,6.03744299067357e-16,6.41362875116975e-06,0.595615447688163,0.404378138683085,4
29,1.22924564967035e-09,0.964578458076865,0.0354215251211036,1.55726075032397e-08,1.78099206128466e-13,2
30,0.999731513468771,0.000268486531214869,1.45911934872166e-14,1.33552627845616e-24,1.63073622585533e-34,1
31,0.999996667230635,3.33276936503338e-06,1.15360798803597e-17,1.31004324385604e-30,5.16126689431483e-44,1
32,1.2609954302085e-06,0.95475848072117,0.0452402553652605,2.91813830572696e-09,1.02053320540325e-15,2
33,2.58379189588107e-19,1.38765932374693e-10,0.00112069169121694,0.998862457748517,1.68504215003897e-05,4
34,2.6400086501265e-09,0.0487200717424561,0.951275743275076,4.17886583876635e-06,3.47662075814343e-09,3
35,5.68509342775145e-26,7.67793940156316e-18,7.0404656061853e-09,3.77715347709478e-07,0.999999615244187,5
36,3.64591695364976e-27,7.84576603927428e-19,4.1976461021552e-07,0.014775482346502,0.985224097888888,5
37,4.52308028874465e-08,0.0249101614503746,0.972039777636512,0.00305001459850346,1.08380734704613e-09,3
38,1.95074886617538e-06,0.817713724752362,0.182284323134998,1.36333485288962e-09,4.39002133549786e-13,2
39,2.62945392509582e-05,0.999832863344482,0.00014084181260758,3.03655030815635e-10,4.75010957742748e-15,2
40,0.999997659493337,2.34050663437112e-06,2.91328729577117e-14,1.49065053059904e-22,2.69893681342268e-34,1
41,2.60170849984425e-06,0.530163281365543,0.469831420543198,2.69638217288497e-06,5.86879151347234e-13,2
42,8.90041907177804e-07,0.139488844916348,0.860510054333884,2.1070701110854e-07,8.4976359094853e-13,3
43,5.42247737500133e-08,0.255398938853942,0.744591637270174,9.36965111121571e-06,2.87408462803795e-17,3
44,1.00582290719077e-07,0.994346952117845,0.00565293112920126,1.61706629644777e-08,3.06493855990161e-16,2
45,2.81460744906213e-05,0.99993274027137,3.91136525318685e-05,1.60777861295589e-12,1.86553715098801e-22,2
46,3.01060055272801e-23,7.1125482219876e-15,6.9334071304651e-07,0.000168124436068249,0.999831182223211,5
47,2.06521316415813e-20,1.72029559026347e-09,0.0218132057097198,0.897114588259677,0.081072204310308,4
48,3.32153275729209e-21,1.3020324397697e-12,0.000255235262335421,0.999723500202337,2.12645340256809e-05,4
49,0.950582214348002,0.0494053514260945,1.24342258705176e-05,3.29805762148325e-14,1.79635727373075e-21,1
50,1.03216695325114e-06,0.99992469641882,7.42714140777323e-05,1.49030340477677e-13,2.26339953613098e-19,2
51,9.88932013297476e-16,4.85921866431669e-08,0.877576288899077,0.122422027630178,1.63487855747273e-06,3
52,0.0499510398056612,0.950048500598629,4.59595691836047e-07,1.84549113917859e-14,5.40685342684407e-23,2
53,0.999974471699182,2.55282916396216e-05,9.17861772387234e-12,7.24012498548637e-18,5.03769904772168e-29,1
54,1.59083033535119e-17,3.61907388303457e-10,0.0310661680443866,0.593156821990052,0.375777009603654,4
55,3.45332571937247e-05,0.999949888097325,1.55786454811239e-05,3.6745727120754e-17,1.78495710468511e-26,2
56,1.35640246517271e-09,0.0361545736062778,0.963837688783604,7.73625327028758e-06,4.4512419225279e-13,3
57,3.78634924944095e-19,6.02794503580941e-10,0.14877461636283,0.851188713103165,3.66699312107038e-05,4
58,2.92403351253621e-21,1.78396394389722e-12,0.00119044750788019,0.99880901933436,5.33155975550275e-07,4
59,8.3047827831794e-40,1.1416704977753e-28,4.68634697386555e-13,5.43322562579687e-08,0.999999945667275,5
60,1.47697717685738e-06,0.999974736234584,2.37867874850425e-05,7.54049006851059e-13,9.7619929439918e-22,2
61,1.57447563933649e-10,0.0097406302328087,0.979304283611892,0.0109533019955564,1.78400229488713e-06,3
62,0.999722192376397,0.000277807623602111,7.06190518137094e-16,4.44370952006537e-27,3.33305427895708e-38,1
63,9.83138460579035e-28,3.86440742224187e-16,8.31812682140164e-06,0.991585260228148,0.00840642164503068,4
64,0.921219419551206,0.0785515241305515,0.000229056318066762,1.75399947222853e-13,1.4975218812272e-18,1
65,2.13236219146935e-20,9.51044351816508e-10,0.0415048601861795,0.958492651035758,2.48782701819031e-06,4
66,4.45229460071905e-24,1.61253826842234e-16,3.07092324807846e-05,0.522919482973163,0.477049807794356,4
67,1.021754476871e-13,0.000603965291357668,0.998755443130061,0.000640591572895818,5.58305393486235e-12,3
68,1.86367130706324e-24,3.07482494421448e-13,0.000203590869999452,0.999457099021782,0.000339310107910912,4
69,0.0239064732032715,0.97609347181785,5.49788780521664e-08,1.16626057487599e-17,5.49514817509526e-23,2
70,2.06426998935215e-05,0.741939023099156,0.257235877534057,0.000804455868700856,7.98193387383025e-10,2
71,2.40903716131111e-14,0.000139954803366271,0.997774445655608,0.00208549181857523,1.07722426612879e-07,3
72,8.21935313558205e-05,0.999911278506166,6.52796240931599e-06,6.88102359285196e-14,1.10146525815789e-23,2
73,1.03579220813681e-16,5.87392139081251e-10,0.95426503580101,0.0457348065582803,1.5705331738958e-07,3
74,1.17722764016407e-05,0.999975898717455,1.23290061388551e-05,4.23053380837435e-15,1.02001689726017e-21,2
75,0.691377160131087,0.308608295289577,1.45445788053901e-05,5.30458070297261e-13,9.97221898430658e-22,1
76,0.102022687495316,0.897893549621956,8.37625531236429e-05,3.29590570794025e-10,1.40108679761675e-14,2
77,8.39701212918469e-05,0.999872731869679,4.32980042280877e-05,4.80085516318627e-12,1.34096390508042e-21,2
78,0.00659879335555688,0.993401205237846,1.40659745852916e-09,2.25260256974473e-18,1.68938663599103e-29,2
79,0.60935760798179,0.390642378812345,1.32058649447744e-08,7.61395848170181e-19,1.48792245546447e-28,1
80,0.181046856907455,0.818948674613956,4.46847858884459e-06,1.20541629675913e-16,5.34993583169952e-22,2
81,1.53088252551217e-13,9.01732648851047e-06,0.985541576391225,0.0144493739439695,3.23381639066502e-08,3
82,2.03158647690083e-12,0.000131517374102888,0.815518558936715,0.183229431778681,0.00112049190846908,3
83,3.69513537614676e-21,4.92013732663766e-11,0.00207946152654838,0.997718017040025,0.000202521384225512,4
84,0.00153287311285793,0.998131163228298,0.000335963657471313,1.37253932499681e-12,7.91295385131652e-21,2
85,4.22291778918924e-15,1.7344215908522e-09,0.999940964183028,5.90340795786161e-05,2.9676775109619e-12,3
86,3.06889776553693e-16,8.6935106600023e-09,0.075316995638448,0.924632116982502,5.08786855391691e-05,4
87,9.28305101355835e-24,2.50209965777581e-16,0.000615414259587723,0.998488249926991,0.00089633581342137,4
88,2.14711039659378e-26,2.04032114495698e-15,0.000567336550398296,0.999414044374665,1.86190749350665e-05,4
89,0.999999995871941,4.1280593589915e-09,7.67658338686989e-21,4.07746580911857e-31,1.19553353815458e-40,1
90,9.36773058324129e-05,0.550728928686181,0.447120878699314,0.00205643300324947,8.23054228530954e-08,2
91,0.833486467110602,0.166513472097261,6.07921366794474e-08,2.33315098416882e-17,1.26196016101348e-24,1
92,9.82031462635019e-06,0.999984338420583,5.84126478389776e-06,6.83628946280314e-15,2.43939853569321e-21,2
93,0.00189224254998921,0.99803414262896,7.36145124634845e-05,3.08587664341459e-10,3.44451693534287e-17,2
94,0.982392320654027,0.0176076793199775,2.59954513661154e-11,1.65144453683807e-18,9.83285869337667e-29,1
95,3.54374770158899e-18,3.92892958982609e-09,0.0693017822843695,0.930677539596367,2.06741903334293e-05,4
96,2.35949556547998e-20,8.5295337299677e-12,0.815405566034597,0.184592917024229,1.51693264357269e-06,3
97,2.38606621708761e-22,4.5917679375484e-12,0.000739421580352916,0.999260363693284,2.14721770857319e-07,4
98,0.000285680716122534,0.999633339744966,8.0979538887147e-05,2.43694388112556e-14,1.69519520366546e-19,2
99,0.997457874973349,0.00254212502523247,1.41864381406416e-12,9.12894095386232e-21,2.52235052557914e-33,1
100,0.00149293307900422,0.998325396032341,0.000181670888237485,4.16849541922227e-13,1.79007183127945e-22,2
101,4.12395220609156e-14,1.26281897974039e-06,0.973952453741612,0.0260462736911283,9.74823903727452e-09,3
102,1.21892422447132e-14,5.66719954771279e-08,0.827930811671491,0.172069066077655,6.55788463491199e-08,3
103,0.951029310954271,0.048969719870839,9.69174865055779e-07,2.50928554800528e-14,8.90886792484776e-23,1
104,4.44533187525024e-16,1.44244407992389e-07,0.131120643023079,0.868878439708122,7.7302439114151e-07,4
105,0.261408687444638,0.738591266926056,4.56293037336885e-08,2.22143566563908e-15,5.45889889844323e-21,2
106,1.39617489494368e-25,2.81634678089737e-15,0.000202044307279302,0.921467189806517,0.0783307658862005,4
107,0.999929779958584,7.022004135917e-05,5.6842018109971e-14,2.18027589552869e-24,1.04428666803974e-35,1
108,0.00011704030058355,0.999871912305816,1.10473932724951e-05,3.28220974385502e-13,2.08820934466044e-19,2
109,0.99999999678893,3.21106985845285e-09,5.53529857668161e-23,1.25934340542756e-28,7.73689466666911e-38,1
110,1.19667928854772e-12,2.69169516673106e-05,0.99428260416206,0.00569047884519053,3.98855205419606e-11,3
111,0.072305787381257,0.927521450899661,0.000172761718807067,2.75376770009476e-13,9.10606389025689e-20,2
112,7.25181593523224e-17,6.58437250720562e-10,0.966155931000316,0.0338381363259703,5.93201527622359e-06,3
113,1.56707993408932e-34,3.88109591698604e-22,2.4700677331628e-09,0.00368497636648903,0.996315021163443,5
114,1.44134973824589e-06,0.313802273254478,0.686180075673302,1.62096223812873e-05,1.00100230768815e-10,3
115,1.14683445156183e-06,0.0636983484921996,0.936041817723583,0.000258686946606354,3.15911138773686e-12,3
116,2.50005240614947e-13,0.000105715621859744,0.999801394012426,9.28903630685962e-05,2.39556867765929e-12,3
117,1.56331416976683e-05,0.999920618249074,6.37486092284923e-05,1.2874436708676e-16,7.76304360433769e-24,2
118,1.21016066790542e-07,0.0216259498406137,0.976582628030357,0.00179072629068127,5.74822280763808e-07,3
119,3.83682437645171e-13,6.78213407737264e-07,0.974539708343612,0.0254403526289406,1.92608136554569e-05,3
120,2.09958004735425e-26,5.26385247784131e-16,9.37627016888449e-05,0.994483728977625,0.00542250832068549,4
121,2.11308154486383e-11,0.0970969893452254,0.902245668094937,0.000657342502880507,3.58263389565016e-11,3
122,0.925257205715101,0.0747427940074444,2.77454885800597e-10,3.14585460757154e-21,1.2022783525587e-28,1
123,6.16128062128179e-06,0.9999354643517,5.83743673780296e-05,3.00986957478628e-13,3.42298362847504e-18,2
124,7.3075785268675e-17,5.51108754760258e-08,0.191968555842637,0.808030463898443,9.2514804468485e-07,4
125,5.77808440249225e-07,0.016617950214544,0.983378045817634,3.4261593799436e-06,1.32396472634945e-15,3
126,0.999987392789196,1.2607210803263e-05,2.83444647025946e-16,1.58832828620103e-26,7.31863796297721e-36,1
127,3.04290849285385e-10,0.0101131843949318,0.989879372233215,7.44306754805614e-06,1.4375690886034e-14,3
128,0.821202346162256,0.178797651429437,2.40830778150469e-09,1.86473634174186e-18,2.38067691212652e-26,1
129,8.14364978795041e-10,0.120743786986678,0.879254655954582,1.55624436718219e-06,7.14068746904104e-15,3
130,0.000126515354088112,0.996150781700233,0.00372270293803886,7.64033605197628e-12,8.78494898631703e-21,2
131,8.1016066308377e-14,0.000464815605365207,0.999436878486998,9.82815603441447e-05,2.43472116872318e-08,3
132,9.21235937678897e-26,1.19360531232767e-16,0.000921654271202532,0.998828586541703,0.000249759187093827,4
133,2.57713920899689e-05,0.999956361495952,1.78671118246305e-05,1.33732492858186e-13,5.68495111719339e-19,2
134,6.16043533454852e-24,2.80024303512307e-14,0.000343125129368157,0.580380862220837,0.419276012649767,4
135,1.96006138541951e-08,0.0399882296838937,0.960011742515549,8.19994327970124e-09,1.21929053740216e-16,3
136,1.58364067691153e-08,0.0255611610784497,0.974197041989818,0.000241780512860571,5.8246487708048e-10,3
137,2.60847007237165e-09,0.44851699604785,0.551482421579118,5.79764537489944e-07,2.42728196260157e-14,3
138,0.000303907613950075,0.998986319804705,0.000709772575840367,5.50478048686494e-12,1.18285779798686e-19,2
139,6.19056212210931e-28,2.33071898988511e-16,0.00019585459461366,0.999417360843958,0.000386784561427663,4
140,3.53226511112335e-18,3.94038370001963e-09,0.0660317099957696,0.933949708750342,1.85773135042298e-05,4
141,0.00070588292363858,0.999285909754164,8.20732219641012e-06,1.46280328010554e-15,2.78593931236746e-21,2
142,2.3381303386552e-21,9.88366400830173e-12,0.00040952843268138,0.99906017884114,0.000530292716294731,4
143,0.0475177348566928,0.952482060524129,2.04619177719737e-07,4.27489816378967e-17,7.78369523727438e-25,2
144,7.89992566039208e-24,7.34870980776719e-14,9.30227524942798e-05,0.9991913924724,0.000715584775032309,4
145,0.000147897118971076,0.99985152753394,5.75347088585102e-07,1.28131659140115e-18,1.77059432178003e-27,2
146,8.0856937009177e-09,0.000499541870679863,0.973584344914953,0.0259141018533955,2.00327527743608e-06,3
147,0.987465373631134,0.0125346263684205,4.45512091680608e-13,1.31794907815429e-21,1.42791063769561e-32,1
148,5.21320776899061e-25,2.85240957502214e-16,0.000778433074145967,0.998753429577026,0.000468137348828179,4
149,2.14885372176871e-06,0.0118112042893088,0.869428295454493,0.118632877542168,0.000125473860307523,3
150,0.989455677752164,0.0105443222032017,4.46342698845188e-11,2.87209279760905e-19,3.5120061548225e-30,1
151,6.3052378082524e-07,0.999721571644744,0.000277797757702954,7.37724965020546e-11,2.26899225489714e-19,2
152,1.36880932033368e-36,2.48051796986421e-24,5.00665253937038e-11,5.10189624781566e-05,0.999948980987455,5
153,2.62136696850601e-12,0.000276263454740501,0.999711275327573,1.24612144046774e-05,6.60810973524365e-13,3
154,7.33600039600154e-09,0.00548805805057709,0.994282717046006,0.000229217531177948,3.62389582120553e-11,3
155,0.999919378221392,8.06217786077961e-05,2.2201141241478e-16,2.84010899078803e-27,9.57702877780047e-38,1
156,0.999999979878305,2.01216945892343e-08,3.58103843757526e-21,1.31512104374487e-30,1.45493885405609e-43,1
157,0.577739651157046,0.422260283894734,6.49482204844659e-08,1.67041093778636e-17,9.09197043431993e-23,1
158,1.09621960969059e-30,2.08072623904726e-21,1.23102964464604e-08,0.000377257434832511,0.999622730254871,5
159,4.45451014529914e-23,8.84179565527904e-14,0.00166671611633413,0.998254639887636,7.86439959416138e-05,4
160,3.29415240833892e-33,2.80429794742173e-21,1.83171310770944e-06,0.977980210418619,0.0220179578682729,4
161,8.12330221977084e-09,0.00450359746354825,0.994883002527679,0.000613391845017819,4.04524225432706e-11,3
162,3.18116250096878e-31,1.27642993026541e-22,1.62363073356787e-09,7.80954500028685e-05,0.999921902926366,5
163,9.19923298031798e-27,5.75990437294308e-17,5.33584889473144e-05,0.950960852892307,0.0489857886187454,4
164,0.163614016376618,0.83638587585771,1.07765670142396e-07,1.55991009823728e-15,5.49026896957227e-20,2
165,0.0449213197908513,0.955065551089206,1.31291199244887e-05,1.77742057742116e-14,5.246805454971e-23,2
166,0.532058633512676,0.467941145623622,2.20863701729674e-07,2.40088018914914e-20,1.01379182719083e-26,1
167,4.68451466949532e-06,0.798858217237279,0.201137013184453,8.5063596353865e-08,2.86465996449311e-15,2
168,2.06406977780935e-32,4.21474095086982e-22,5.11375762786236e-10,1.76189356615045e-05,0.999982380552963,5
169,2.72886635643559e-23,1.54027952309575e-14,0.00110856414217011,0.998865361400656,2.60744571589802e-05,4
170,2.57489981636923e-16,2.13643340371072e-08,0.972499722079256,0.0275001359706791,1.20585730803354e-07,3
171,0.0127858547219539,0.987214085288875,5.99891710461742e-08,1.10483846451239e-17,1.42350162041759e-26,2
172,1.32984691213782e-09,0.440016091982998,0.559983634653557,2.72002442045541e-07,3.11566991291915e-11,3
173,3.50433076401178e-18,3.32070301115404e-10,0.643785370144299,0.356203388119553,1.12414040776321e-05,3
174,4.33829450594472e-07,0.998493293073298,0.0015062730951732,2.07853661901349e-12,5.13664490483597e-20,2
175,1.74818584628067e-12,1.80922443939083e-05,0.999956923407865,2.49843458883001e-05,1.04520512301397e-13,3
176,7.04633029835525e-07,0.973331829909767,0.0266674416486846,2.38064858423066e-08,2.03305594697601e-12,2
177,5.13585271814914e-18,6.30326198493739e-09,0.937445362200748,0.0625545430698707,8.8426119732891e-08,3
178,4.18899479013081e-09,0.23483588952812,0.765027283709111,0.000136822546788803,2.69857877453596e-11,3
179,1.75925980632122e-39,3.39071209481299e-27,8.98082405976084e-15,2.1497587875613e-08,0.999999978502403,5
180,0.974116301302931,0.0258836986507432,4.63256079589611e-11,1.27487723498296e-18,6.45856349781924e-29,1
181,2.9669076462982e-17,2.39880997755664e-08,0.307165681352389,0.692830917823219,3.37683629255778e-06,4
182,0.82177284423658,0.1782267455438,4.10182142763275e-07,3.74768202948858e-11,1.70492403454986e-20,1
183,3.43102282741658e-05,0.756617823098532,0.243346740192431,1.09962770836252e-06,2.68530545839344e-08,2
184,0.00292000404533431,0.755911701399042,0.241022593720012,0.000145700825043458,1.0568283917402e-11,2
185,0.0058634603195232,0.991858704730836,0.00227783493783804,1.18030181221908e-11,2.67588042236023e-18,2
186,8.30385868760964e-06,0.130054581615515,0.867521656004885,0.00241545719663396,1.32427800327033e-09,3
187,1.24459896416667e-16,3.09824931079589e-06,0.971716692962579,0.0282802072128926,1.57521715499501e-09,3
188,0.987349230044654,0.0126507624279363,7.52741000952161e-09,2.08977568331051e-19,2.93220725710223e-29,1
189,1.19248899432168e-07,0.990065842565279,0.00993403810170336,8.4117784739706e-11,1.92485670728823e-20,2
190,1.32837552092883e-18,7.28362341068247e-14,1.36761850822025e-06,0.0021280115702942,0.997870620811125,5
191,3.89271454423428e-10,4.68117097323406e-05,0.997054374306795,0.002898813512247,8.19544108694252e-11,3
192,5.68244206023167e-12,0.00514378417576663,0.994839857766926,1.63580462786898e-05,5.34607876423483e-12,3
193,1.83342139584052e-21,8.5963312248012e-13,0.00024060024898458,0.999157958554643,0.000601441195513303,4
194,7.06953064317747e-09,0.000105694474218735,0.927097299141767,0.0727969982509594,1.06352412102104e-09,3
195,5.62292550437302e-07,0.999884108573496,0.000115329112260374,2.16931124987988e-11,1.14155766780589e-18,2
196,1.41708407362655e-05,0.0370774339110354,0.962908114141659,2.81106569400854e-07,3.16013817920191e-16,3
197,1.84263328095245e-34,6.66264051751385e-25,6.11607958896976e-14,2.65744056045715e-08,0.999999973425533,5
198,2.06026797211839e-08,0.0216560105419035,0.977823214520252,0.000520748153381639,6.18178361921689e-09,3
199,0.872620048463109,0.127379908148858,4.33880335752967e-08,8.99963593083823e-18,1.67647479430467e-21,1
200,3.01766712552577e-29,1.12555794106562e-19,5.68378901174158e-10,8.78869651064368e-05,0.999912112466515,5
201,3.37974099164148e-06,0.0180990934063834,0.959014281918552,0.0228832078289902,3.71050828838204e-08,3
202,3.25039148872298e-08,0.999577769125629,0.00042219836982708,6.28827922711897e-13,6.27740694172181e-25,2
203,0.00917516448365959,0.990823408909278,1.42660701786445e-06,4.45245901954806e-14,2.34220827766061e-22,2
204,5.56870844025566e-18,7.25761880114954e-09,0.00863359896326619,0.9909235344056,0.000442859373514896,4
205,0.0244093253239357,0.975590674017964,6.58100691783065e-10,4.02279956600476e-20,3.96114679462105e-28,2
206,1.02078233385529e-10,2.7641324639711e-05,0.99868053049553,0.0012918280396131,3.81389288302365e-11,3
207,7.57631333478226e-07,0.754679270457331,0.245319971910322,1.013187536753e-12,7.46467162311669e-19,2
208,1.26260704172917e-05,0.98630063563341,0.0136867382457052,5.04674316827039e-11,5.39730417848933e-18,2
209,2.47090397621607e-19,1.87192988103349e-11,0.0119579779604176,0.979691718309626,0.00835030371123708,4
210,2.6709628324345e-08,0.953227484881876,0.0467724239828998,6.44237265891979e-08,1.86951613300157e-12,2
211,0.998567147015726,0.0014328529820318,2.24250078612034e-12,7.05969953190919e-22,1.88983699852653e-30,1
212,7.77091063344356e-12,7.04896603970687e-07,0.0740844382332152,0.925913496757249,1.36010516101285e-06,4
213,1.20217096676148e-24,1.06553324066392e-14,0.00557094493488959,0.992014748396399,0.00241430666870123,4
214,8.71035420998631e-11,0.00885808043326058,0.988861775471748,0.00228014370756088,3.00326566937692e-10,3
215,9.57714011024518e-13,0.000700342496230998,0.999045567504561,0.000254089982412221,1.58381943853507e-11,3
216,8.99864435680442e-09,0.985114815307411,0.0148851754495605,2.44384541938356e-10,3.45203965146302e-20,2
217,1.51951244943683e-19,1.02647241730901e-10,0.000738536572199534,0.99896853665683,0.000292926668323289,4
218,0.990702639013992,0.00929736098400012,2.00815009921109e-12,2.24209039238347e-21,3.30110772944643e-32,1
219,9.29872001556949e-13,0.000132505388365332,0.988398818678073,0.0114686480924307,2.78402008974195e-08,3
220,5.70946032425946e-25,6.8986664674432e-16,0.000529499441035612,0.986245292422055,0.0132252081369088,4
221,1.00638229110255e-23,6.66450798161307e-15,7.1083050449898e-05,0.999703370026769,0.000225546922774331,4
222,1.36650320360987e-21,9.82333556633034e-15,0.00962605427095819,0.990353569508039,2.0376220993076e-05,4
223,1.34684237650516e-13,8.04706458195439e-06,0.999792138416847,0.000199814518267239,1.69481684575204e-13,3
224,0.000126739747493726,0.999866325025337,6.93522716771199e-06,1.64754222675768e-15,6.09368171696394e-25,2
225,7.60664198385441e-30,3.15401501228445e-22,3.28716237303113e-12,4.48998462967312e-07,0.99999955099825,5
226,0.0487652226006262,0.951111462425149,0.000123314967020785,7.20346041715464e-12,8.61826842962105e-21,2
227,2.38554079312254e-24,1.425138732093e-16,1.19740432823466e-05,0.997498033765792,0.00248999219092498,4
228,0.114239294946816,0.885759629759587,1.07529359501721e-06,2.23866693917269e-15,2.56590744221954e-24,2
229,1.71203720408387e-06,0.999994100414792,4.18754800354494e-06,8.7270045791701e-18,9.95312252433034e-28,2
230,8.98566375649914e-24,4.44333705049485e-14,0.00144376718819466,0.998481783109396,7.44497023647174e-05,4
231,1.73317105709515e-06,0.999027953046336,0.00097031353274457,2.49856979462848e-10,5.10480255994485e-15,2
232,9.03518988048638e-27,1.43240883488427e-17,6.31433870069301e-06,0.887534419564096,0.112459266097203,4
233,0.000526645773384861,0.999217602972457,0.000255751254108491,4.93963851626373e-14,1.931650919837e-20,2
234,2.52667209492287e-08,0.999160853699834,0.000839121021180603,1.22644363607268e-11,5.41801194110223e-20,2
235,3.60111648879449e-23,7.29362697047578e-15,0.00352543471982179,0.991243677549003,0.00523088773116818,4
236,0.00633536434060931,0.993663170352657,1.46530672153034e-06,1.23790296654029e-14,6.48182843728627e-23,2
237,1.04421523438095e-21,2.43396916667671e-12,0.000872630592255402,0.998971271361704,0.000156098043606703,4
238,1.13355534573066e-17,1.33049083062328e-09,0.0675495659593782,0.932450378832428,5.38777028698382e-08,4
239,1.04149638843361e-28,2.50020370873996e-20,2.07401994818853e-08,3.50315944211878e-05,0.999964947665379,5
240,0.0111153611920542,0.988884157716775,4.81091164693762e-07,5.76146266044383e-15,2.35575646081292e-24,2
241,5.71355913636351e-25,1.73681072507211e-14,2.21091205455098e-05,0.999680855791594,0.000297035087842828,4
242,0.012507402184495,0.987463427570996,2.91702359917385e-05,8.51753724088913e-12,3.54379313923995e-17,2
243,0.999034922256948,0.00096507774299961,5.22074044393234e-14,5.15561551126317e-25,6.34789417014944e-35,1
244,4.64210462292705e-09,0.00589076322346744,0.994098123843394,1.11082910131058e-05,2.1111559742547e-14,3
245,2.20478751665058e-23,2.99369890655174e-13,0.0011994822840421,0.998786963644281,1.35540713776375e-05,4
246,6.38358343014846e-10,0.000106724490763164,0.999859326129547,3.39443747047126e-05,4.36662635552380e-09,3
247,0.999999285469273,7.14530727235661e-07,1.16031699827611e-20,4.62171746418652e-31,9.02319725329223e-44,1
248,0.00016798967081906,0.998283371544029,0.00154863747982475,1.30530692557817e-09,2.04605812802475e-14,2
249,4.57493964284451e-21,4.75524848009817e-12,0.00239884691579624,0.99760101422393,1.38855518598032e-07,4
250,6.27355363107969e-19,1.01618051754416e-08,0.989071045337677,0.0109287976787249,1.46821792772954e-07,3
251,0.936843440166153,0.0631564116476485,1.48186194785309e-07,3.41635309771221e-15,5.34828052285665e-24,1
252,1.86230896769065e-25,3.02502072060734e-15,1.48964515667188e-06,0.374425311104572,0.625573199250269,5
253,9.91110236718482e-19,3.64381227716251e-12,0.00394067930372297,0.996050949169141,8.37152349236167e-06,4
254,5.38377422198749e-14,0.00297284146590608,0.996991009360411,3.61487079061299e-05,4.65722639875129e-10,3
255,1.06553619006157e-05,0.999915933775118,7.34108610432951e-05,1.93842974145466e-12,4.0846657765969e-20,2
256,1.69377926696623e-24,5.7786917811143e-16,0.000947267398336797,0.998977996072717,7.47365289460173e-05,4
257,3.7643877388019e-21,9.07882109840497e-13,0.0107713343659163,0.989226791898295,1.87373488098572e-06,4
258,7.36990189008299e-26,4.87338041498918e-14,4.14260146020619e-05,0.999378441242386,0.000580132742963347,4
259,1.97760955456766e-24,1.89744914423823e-14,0.000718473783697305,0.999232398511634,4.91277046500213e-05,4
260,0.890957303817348,0.109042606379984,8.98026555829453e-08,1.26901449607219e-14,9.26239919499654e-22,1
261,5.8071320962e-09,0.999964616879944,3.53773129236092e-05,5.73094821861453e-16,7.75661919167638e-19,2
262,1.69358835592681e-29,1.96296671440368e-20,4.17104011448307e-08,0.026683469826048,0.973316488463551,5
263,6.28914816466208e-11,0.141888625346241,0.858111369460824,5.13004110910054e-09,1.61006456570373e-15,3
264,0.169781282962387,0.830218671555262,4.54823513509584e-08,2.43466758503438e-18,8.01593540045538e-25,2
265,0.99999318477217,6.81522782851616e-06,1.11917846627981e-15,6.25786952464289e-29,8.29041387586017e-41,1
266,5.40766204886476e-16,2.69491762031901e-06,0.998685234180277,0.00131207090048893,1.61268192036774e-12,3
267,2.22856529277414e-17,3.78170516461621e-10,0.745952715341588,0.254019338295979,2.79459842626279e-05,3
268,2.90533789365775e-06,0.108714339858818,0.891274063907773,8.68978208862546e-06,1.11342666141706e-09,3
269,0.000721966207376412,0.999263680774614,1.43530165668594e-05,1.44305048451434e-12,2.06570139873128e-18,2
270,2.24562385257156e-10,0.896664023492945,0.103335971437806,4.84468657267387e-09,1.98566642468441e-16,2
271,1.47560575370696e-25,1.76735456588448e-16,0.000645655436283343,0.999057482931714,0.000296861632002737,4
272,8.34758765775692e-11,0.000612169801629337,0.997788423707455,0.00159940630108964,1.06349760800711e-10,3
273,1.5504316861421e-28,5.63060990612197e-18,2.25706122041018e-06,0.996204356674733,0.00379338626404621,4
274,3.41685079690834e-06,0.968405719871382,0.0315908632149874,6.28333403833818e-11,6.02109587629486e-20,2
275,0.000230560052601896,0.9992917660126,0.000477673907658898,2.71390436917163e-11,5.16992117100627e-18,2
276,0.900247167749027,0.0997523234478608,5.08746560813758e-07,5.65518560282095e-11,8.5842355924169e-18,1
277,1.13875851618714e-17,2.6934883495129e-10,0.00501766664121885,0.994512077639548,0.00047025544988418,4
278,4.37572952643369e-05,0.98738013457958,0.0125761011263292,6.9988258176068e-09,9.47021368241042e-16,2
279,8.58272525398794e-33,3.09102069838035e-26,1.49370724210274e-14,1.27139355564516e-08,0.99999998728605,5
280,1.47955759770273e-13,4.79826233561985e-06,0.996104144714377,0.00389072485062442,3.3217251498111e-07,3
281,2.75531883140748e-19,4.37117464221739e-10,0.399420826009801,0.600568847598243,1.03259548385602e-05,4
282,5.30278344317762e-26,8.83174411936985e-16,0.000852099916813358,0.997849098719724,0.0012988013634623,4
283,1.70560405578685e-23,6.93038778312997e-14,0.000221097957533132,0.993637275303313,0.00614162673908401,4
284,1.59126750860324e-26,2.03803035090074e-15,0.00032816214271259,0.995030813689386,0.00464102416789982,4
285,3.63774403062242e-14,9.58134739471095e-08,0.269293907663068,0.730702456174076,3.54034934543314e-06,4
286,3.32482023639781e-20,7.48490134597163e-12,0.412962138551384,0.587035300263031,2.56117809954018e-06,4
287,5.68002090061006e-08,0.763085652375927,0.236914269860009,2.09638403369676e-08,1.45662901206316e-14,2
288,0.00725737425927383,0.992733551090029,9.07465060514355e-06,9.20094569399284e-14,1.12096351785561e-21,2
289,6.69074066074054e-05,0.999930828678136,2.26391525552756e-06,7.35506083323606e-16,6.09902148702706e-23,2
290,0.456937546495318,0.543062310546716,1.4295796175338e-07,4.45066247329693e-15,1.51880096834854e-26,2
291,1.71706950600639e-25,1.94870698779069e-16,5.35091466317683e-05,0.990253899612252,0.00969259124111559,4
292,0.999950024738164,4.99751592408919e-05,1.02595078472778e-10,3.92468989918369e-21,1.11484740094488e-29,1
293,0.00417688889531842,0.99563776251296,0.000185348591705545,1.62857272761375e-14,1.21059983442996e-19,2
294,9.05109118714614e-16,4.11162006418628e-07,0.999890409367886,0.000109179469564694,5.42044414680782e-13,3
295,2.7894691083104e-09,0.878351950148348,0.121647742314251,3.03922213173832e-07,8.25717814656026e-10,2
296,2.15100690623626e-08,0.992385921879083,0.00761405659146336,1.93843696096776e-11,5.03386613400911e-18,2
297,0.365859945323471,0.634140054011482,6.65046157342663e-10,2.65982027235998e-19,7.74704835148223e-29,2
298,7.78524837179358e-24,1.52214235701011e-13,0.0060623562629838,0.993935793214733,1.8505221310288e-06,4
299,9.80119585339346e-10,0.127509282837305,0.87249042547277,2.90709704906591e-07,1.00089743597387e-13,3
300,3.86778653832724e-08,0.913581654494209,0.086417050874781,1.25595231818823e-06,8.26058036852516e-13,2
301,2.0598234386423e-06,0.999540435556265,0.000457504602269223,1.75270502225312e-11,5.00472716353651e-13,2
302,6.3085360023385e-25,3.39667033189727e-14,0.0006323866622628,0.998509282936013,0.000858330401690148,4
303,1.25751446918763e-23,1.38231591365022e-13,0.000402183394726166,0.999596706195044,1.11041009186026e-06,4
304,8.78958500278087e-07,0.994486818511501,0.00551227474350102,2.77864962757597e-08,1.75974909831364e-15,2
305,0.00724392265288081,0.714374253504551,0.278082903344381,0.000222661876653881,7.62586215337644e-05,2
306,1.70277105053055e-20,1.96086275120509e-12,4.32899550668082e-05,0.999832741920365,0.000123968122607006,4
307,4.51224750891274e-18,1.80337758947986e-08,0.974569422366321,0.0254305594214132,1.78489513181431e-10,3
308,0.999934634868021,6.53651319787232e-05,6.02178810858556e-17,8.66921705726494e-30,6.72822110346267e-39,1
309,0.000131644798289074,0.999737097467847,0.00013125760073022,1.33133474968802e-10,6.03557857639801e-16,2
310,1.51080942874644e-25,1.66146878861009e-18,1.05254075263991e-08,0.000961547430604619,0.999038442043988,5
311,4.16386978052157e-19,5.67127685889216e-10,0.984843164348995,0.0151568298557968,5.22808005807747e-09,3
312,6.68851613080193e-07,0.99943751227645,0.00056181780084249,1.07109415614165e-09,3.97246432145771e-17,2
313,0.0104616022148605,0.98953831654641,8.12387292344116e-08,1.47861979008702e-17,1.42014502857652e-23,2
314,1.26364359224947e-09,0.00751289579709078,0.216449315732902,0.776037786489815,7.16548090598859e-10,4
315,0.0127484505578684,0.98725059128807,9.58153607848685e-07,4.53765610534853e-13,4.93715235376176e-17,2
316,2.50767824494566e-24,2.64832386335996e-15,0.00110159868851409,0.997866476558681,0.00103192475280187,4
317,6.80147834957889e-19,6.12671005342412e-12,0.0174819967106207,0.982386353667888,0.000131649615364138,4
318,6.06253571227941e-23,1.76054894020635e-14,0.000635458409571201,0.999317183162701,4.73584277102883e-05,4
319,1.61585921875803e-23,8.46043115941502e-16,2.02496116257818e-05,0.979114783688341,0.0208649667000326,4
320,2.5216569334952e-12,0.000476186986994243,0.999476432546768,4.73804386078391e-05,2.51083426298855e-11,3
321,2.4092373807761e-27,4.85000485196476e-17,2.17941730631025e-05,0.0116128469320519,0.988365358894885,5
322,1.67679762969779e-31,6.166165448586e-21,1.4308759711212e-08,0.0034745553375812,0.996525430353659,5
323,9.05669186576783e-20,1.09503434066352e-08,0.825073581111964,0.174926275169853,1.32767839761231e-07,3
324,0.00139097559797089,0.9986069814134,2.04298858109394e-06,4.79684916299652e-14,1.57439547423253e-19,2
325,1.49500107596105e-16,1.1568364261345e-07,0.990002839751523,0.00994516265598174,5.18819088524027e-05,3
326,0.821920055676562,0.178079944323374,6.47374291347354e-14,1.89695968349772e-24,1.61279722912735e-33,1
327,3.05853444622731e-20,1.19141107895436e-11,0.00246983951094535,0.955180292330319,0.0423498681468217,4
328,2.30506428774354e-05,0.995936715521543,0.00404023381382625,2.17521293692618e-11,1.32945315080932e-15,2
329,0.955447504818691,0.0445502700465266,2.22513478218252e-06,3.44527415008513e-17,4.91665868713871e-27,1
330,0.999999750164957,2.49835042768633e-07,5.15345838773237e-18,2.80539649144373e-30,1.64278120607636e-40,1
331,1.89577913650258e-06,0.99972014930318,0.000277954917683665,2.56045498544148e-16,1.41060110805614e-23,2
332,0.000958308305637064,0.99862603343313,0.000415658258896901,2.33582893545426e-12,4.85457118141391e-19,2
333,1.03082510537963e-24,1.89676558012234e-15,9.09850596460379e-05,0.994785523326996,0.00512349161335646,4
334,4.21921248098455e-23,5.48551281107904e-14,5.98569156193816e-05,0.991514906312554,0.00842523677177202,4
335,2.36937230975769e-18,4.03009674664034e-10,0.936952533298771,0.0629386106458472,0.000108855652372423,3
336,1.17990367640559e-10,0.00463448046002321,0.995362581621349,2.93779689321661e-06,3.74461525128626e-12,3
337,4.10563137652353e-33,2.39923583106661e-21,1.30289208091464e-10,0.000528662172755832,0.999471337696955,5
338,9.44892056363168e-23,4.40496230044718e-12,0.000454285050725826,0.999214247545031,0.000331467399838771,4
339,1.43600328474402e-11,3.75540383525547e-06,0.959775180983647,0.0402210634963352,1.01822647899965e-10,3
340,0.00301140970560516,0.996987750627352,8.39667042519927e-07,4.86494405214495e-16,3.85799897736882e-26,2
341,1.49557563706661e-18,2.94265164994163e-12,0.00591912580426593,0.993936840377214,0.000144033815576864,4
342,0.99995537769401,4.46223054701489e-05,5.19857265411145e-13,4.43761681963636e-24,1.68086303837006e-34,1
343,0.999733218105244,0.000266781823931903,7.08240877412847e-11,2.25466110339671e-22,7.90360198505703e-33,1
344,2.49078011197071e-25,1.05358545282887e-17,2.32980726930849e-08,4.40921542650918e-06,0.999995567486501,5
345,0.250132576040701,0.749777827346117,8.95958038714084e-05,8.09310318239473e-10,2.46610350314749e-18,2
346,0.00591432900672656,0.994078515793276,7.15519996873285e-06,2.82404985134701e-14,2.26006802782137e-20,2
347,1.09781706077406e-06,0.999102004695859,0.000896897378062744,1.09017494816816e-10,4.3134584707559e-16,2
348,5.91690859288235e-07,0.977257737449594,0.0227416307166061,4.0142935720215e-08,5.21222293751703e-15,2
349,5.56186345338027e-20,8.91273363166325e-12,0.0051445978708619,0.95028678550268,0.0445686166175454,4
350,1.0084317491074e-39,2.23784660786601e-30,1.07970231150846e-16,1.87425860218056e-10,0.999999999812574,5
351,1.89282566539928e-28,3.94579702866098e-19,3.11756209896334e-08,3.44667140558525e-06,0.999996522152973,5
352,2.50714667993313e-11,1.35362177610341e-05,0.303595968797111,0.695982216403145,0.000408278556911567,4
353,0.89997370400776,0.10002629598273,9.50935447948894e-12,2.21010406265681e-20,8.50215253359489e-31,1
354,0.127143103036868,0.872855772386038,1.12457707902786e-06,1.51635511096569e-14,6.04922722486746e-21,2
355,0.000391623384846065,0.99949242442401,0.00011595219071986,4.24431395544744e-13,4.55367126496427e-19,2
356,1.28198375735017e-21,5.86577403612176e-10,0.0148819745536749,0.985117915565256,1.09294491561432e-07,4
357,4.71161137125999e-15,1.03109495755432e-07,0.947242322051568,0.0527574920659931,8.27729381003723e-08,3
358,0.0180384717315527,0.859928040088308,0.122030077386064,3.41079313449085e-06,9.40800174100832e-13,2
359,9.20740357465975e-05,0.948495660546372,0.0514122652776491,1.39570534759474e-10,6.62103763385071e-13,2
360,1.35910777680553e-29,1.24969967343748e-18,2.91341703694805e-06,0.991311858125149,0.00868522845781401,4
361,6.74980525147973e-12,0.000799292040464719,0.994003680694686,0.00519702702398681,2.34112437898317e-10,3
362,0.093890833354424,0.906108620703525,5.45942050849449e-07,5.89725050341545e-18,2.44296983911226e-28,2
363,5.02794841277958e-10,5.98165794736433e-05,0.392239904616825,0.603734452145826,0.0039658261550801,4
364,0.0036119477094999,0.996287766656377,0.000100285633523966,5.99082538694363e-13,1.01244200832781e-20,2
365,4.48007050622403e-18,9.09732418633807e-09,0.951603716684561,0.0483961681653547,1.06052759594942e-07,3
366,0.963953688985318,0.03604631093726,7.74222022046562e-11,1.3342040778292e-23,8.91578385839497e-30,1
367,5.08609615068883e-11,0.00946274542763719,0.990532991561679,4.26295668200474e-06,3.14125154520838e-12,3
368,1.52300473952863e-12,0.152608092072927,0.845833329555263,0.00155857836965377,6.32517292249631e-13,3
369,2.16921028489731e-07,0.350436770809543,0.649562491896099,5.20363944337696e-07,9.38456828424562e-12,3
370,8.46183760329773e-08,0.966157048425942,0.0338428401474127,2.68072727872525e-08,9.96731485003734e-13,2
371,3.55903691823494e-16,1.94513543667337e-09,0.837950662582579,0.162049286951887,4.85203978655733e-08,3
372,0.0144617229883569,0.950284306939117,0.0352539700155953,5.69308846605754e-11,3.78086958989955e-20,2
373,3.0267528993424e-05,0.994133527677641,0.00583620201895015,2.77441554748992e-09,7.71255431704856e-21,2
374,6.37318613900802e-05,0.999917935597483,1.83325411250055e-05,2.05539985566477e-15,4.42886460321348e-21,2
375,3.30696162381454e-21,7.65134314639062e-13,0.000471154546294167,0.999408388534128,0.000120456918812848,4
376,0.999990377205825,9.62279371910971e-06,4.55932355234733e-13,3.5596108993458e-21,1.605102384941e-27,1
377,2.22068800588607e-11,0.00230815289561907,0.852193012660955,0.145498113127211,7.21294008279077e-07,3
